package-lock.json
  ai_agent 21,35,44,74,90,106,115,128,145,154,163,172,181,194,209,224,239,253,271,284,300,316,332,348,364,380,396,412,428,444,460,476,492,508,524,540,556,572,588,604,620,636,652,668,684,700,710,720,729,735,745,761,767,780,793,806,819,832,845,858,871,884,897,910,923,936,949,962,975,988,1001,1014,1027,1040,1053,1066,1079,1092,1105,1114,1124,1133,1139,1159,1171,1204,1224,1230,1247,1253,1294,1303,1320,1334,1343,1349,1361,1373,1382,1388,1406,1415,1421,1433,1461,1469,1480,1489,1534,1539,1548,1557,1573,1603,1677
.npmrc
  s_970ce80691a733::t_4aaa2344062daf 1
---
{
  "schema_version": "authorship/3.0.0",
  "git_ai_version": "1.4.39-trip",
  "base_commit_sha": "a5cc7295cf91af26af82d7c816e7d67c1e114448",
  "prompts": {},
  "sessions": {
    "s_970ce80691a733": {
      "agent_id": {
        "tool": "cursor",
        "id": "d79d9dde-f28c-4007-897e-404b13799efc",
        "model": "default"
      },
      "human_author": "yangshengming <shengmingyang@trip.com>"
    }
  }
}